0.16 0.973026422055
0.17 0.786762952217
0.18 0.622355764667
0.19 0.476371837726
0.2 0.346061499982
0.21 0.229196578414
0.22 0.123950838887
0.23 0.0288195596529
0.24 -0.0574626780918
0.25 -0.135961040961
0.26 -0.207574944525
0.27 -0.273072343757
0.28 -0.333112548564
0.29 -0.388265327365
0.3 -0.4390252064
0.31 -0.485823869324
0.32 -0.529034558554
0.33 -0.568993675146
0.34 -0.605997356203
0.35 -0.640305896648
0.36 -0.672150819463
0.37 -0.701738447766
0.38 -0.729253429303
0.39 -0.7548612617
0.4 -0.778710825311
0.41 -0.800932108384
0.42 -0.821649784136
0.43 -0.840975197686
0.44 -0.859008100242
0.45 -0.875839276487
0.46 -0.891551493675
0.47 -0.906220464998
0.48 -0.919915492008
0.49 -0.932700223954
0.5 -0.944629387724
0.51 -0.955760225962
0.52 -0.966143514091
0.53 -0.975825337378
0.54 -0.984848402411
0.55 -0.993252346228
0.56 -1.00107401633
0.57 -1.00834769525
0.58 -1.01510534204
0.59 -1.02137317768
0.6 -1.02718232374
0.61 -1.03255937499
0.62 -1.0375286434
0.63 -1.04211287716
0.64 -1.04633337363
0.65 -1.050210084
0.66 -1.0537617088
0.67 -1.05700577981
0.68 -1.05995526893
0.69 -1.06262900365
0.7 -1.06504180797
0.71 -1.06720730593
0.72 -1.06913832998
0.73 -1.07084691133
0.74 -1.07234442725
0.75 -1.07364155513
0.76 -1.07474840153
0.77 -1.0756710105
0.78 -1.07642192302
0.79 -1.07700974203
0.8 -1.07744250642
0.81 -1.07772784531
0.82 -1.07787298299
0.83 -1.07788478305
0.84 -1.07776976672
0.85 -1.07753403408
0.86 -1.07718030604
0.87 -1.07671764631
0.88 -1.07615144227
0.89 -1.0754868327
0.9 -1.07472873303
0.91 -1.07388186752
0.92 -1.07295074514
0.93 -1.07193972189
0.94 -1.07085267221
0.95 -1.06969090739
0.96 -1.06846140823
0.97 -1.06716792807
0.98 -1.06581405576
0.99 -1.06440329817
1.0 -1.06293901834
1.01 -1.06142447209
1.02 -1.05986284522
1.03 -1.05825672196
1.04 -1.05660680119
1.05 -1.05491882126
1.06 -1.05319561706
1.07 -1.05143989729
1.08 -1.04965434108
1.09 -1.04784150767
1.1 -1.04600393142
1.11 -1.04414404026
1.12 -1.04226355644
1.13 -1.04036289704
1.14 -1.03844691912
1.15 -1.03651782726
1.16 -1.03457770593
1.17 -1.03262862864
1.18 -1.03067255046
1.19 -1.02871141917
1.2 -1.02674706101
1.21 -1.02478048327
1.22 -1.02281186121
1.23 -1.02084527772
1.24 -1.01888235857
1.25 -1.01692460985
1.26 -1.01497352951
1.27 -1.01303049298
1.28 -1.01109686542
1.29 -1.00917389226
1.3 -1.00726183161
1.31 -1.00536063383
1.32 -1.00347363337
1.33 -1.0016018343
1.34 -0.999746176797
1.35 -0.997907579112
1.36 -0.996086843758
1.37 -0.994284763555
1.38 -0.99250202105
1.39 -0.990738148912
1.4 -0.988992914398
1.41 -0.987268900938
1.42 -0.98556656575
1.43 -0.983886360339
1.44 -0.982228649231
1.45 -0.980593746657
1.46 -0.978981954337
1.47 -0.977393480392
1.48 -0.975827239302
1.49 -0.974282914133
1.5 -0.972762442935
1.51 -0.97126586877
1.52 -0.969793241145
1.53 -0.968344530924
1.54 -0.966919716505
1.55 -0.965518714773
1.56 -0.964141412932
1.57 -0.96278626639
1.58 -0.961453009305
1.59 -0.960143085859
1.6 -0.958856275662
1.61 -0.957592375577
1.62 -0.956352416063
1.63 -0.955133480182
1.64 -0.95393666823
1.65 -0.952761707744
1.66 -0.951606725614
1.67 -0.950471643353
1.68 -0.949357554882
1.69 -0.948264112997
1.7 -0.947190994102
1.71 -0.94613783776
1.72 -0.945104308963
1.73 -0.94409003786
1.74 -0.943094680575
1.75 -0.942116184134
1.76 -0.941154757537
1.77 -0.940211229654
1.78 -0.939285232738
1.79 -0.938376417079
1.8 -0.937484409767
1.81 -0.936608864216
1.82 -0.935749411484
1.83 -0.934905710791
1.84 -0.934075617729
1.85 -0.933259649382
1.86 -0.932458456949
1.87 -0.931671714413
1.88 -0.930899082315
1.89 -0.930140227215
1.9 -0.929394835866
1.91 -0.92866257981
